V1 V2 V3 V4 V5 V6 V7 V8 V9 V10
1 -0.109389558434486 -0.0213302262127399 0.00253920536488295 0.000731869135051966 -0.000918339821510017 -0.000253304984653369 -1.30727448777179e-05 0.000237904154346325 -0.000229593177209608 5.78128965571523e-05
2 -0.110335513949394 -0.0294072460383177 0.0034928061068058 0.00101339223328978 -0.00126668077427894 -0.000349440320860595 -1.81127743417164e-05 0.00032797985477373 -0.000316611316520721 7.97266839072108e-05
3 -0.10755467414856 0.138226523995399 -0.0125725027173758 -0.00673197349533439 0.00607450027018785 0.00171217194292694 0.000133977184304968 -0.00152542570140213 0.00151165085844696 -0.000382787780836225
4 -0.109775863587856 0.0253110080957413 -0.00210501975379884 -0.00133427628315985 0.00111883226782084 0.000317149009788409 2.70232467300957e-05 -0.000278487044852227 0.000278035848168656 -7.05030979588628e-05
5 -0.109586834907532 -0.00929006654769182 0.00117562978994101 0.000282703898847103 -0.000397533760406077 -0.000109005661215633 -4.82470522911171e-06 0.000103895596112125 -9.95591253740713e-05 2.5038025341928e-05
6 -0.109630115330219 0.0183184295892715 -0.00129686924628913 -0.0010817424627021 0.000816930318251252 0.000233677215874195 2.24413652176736e-05 -0.000200633556232788 0.000202631315914914 -5.15120336785913e-05
7 -0.109694369137287 0.0128102358430624 -0.00051167031051591 -0.000958402582909912 0.000583449087571353 0.000170539991813712 2.07198099815287e-05 -0.000138617688207887 0.000144100951729342 -3.68430046364665e-05
8 -0.111939258873463 -0.0915193110704422 0.0083624254912138 0.00443613762035966 -0.00401958636939526 -0.00113275414332747 -8.8272470748052e-05 0.00101009488571435 -0.00100051227491349 0.000253356876783073
9 -0.109383977949619 -0.0173678528517485 0.00248558702878654 0.000382436555810273 -0.000735058914870024 -0.000198757348698564 -5.32268086317345e-06 0.000195506596355699 -0.000184443590114824 4.62053576484323e-05
10 -0.109850592911243 -0.0275824200361967 0.00346072344109416 0.000856241444125772 -0.00118241121526808 -0.000324444117723033 -1.46382435559644e-05 0.000308398331981152 -0.000295862380880862 7.43953278288245e-05
11 -0.110618442296982 -0.0860790908336639 0.00848642271012068 0.00385519629344344 -0.00376172526739538 -0.00105423294007778 -7.51069746911526e-05 0.000952691363636404 -0.000937309872824699 0.000236992258578539
12 -0.111457459628582 -0.0478972643613815 0.00407926086336374 0.00247298902831972 -0.00211237161420286 -0.000598076614551246 -5.00061032653321e-05 0.000527369091287255 -0.000525346316862851 0.000133209861814976
13 -0.111248575150967 -0.106259725987911 0.0105430921539664 0.00472517823800445 -0.00464185886085033 -0.00130022852681577 -9.18541190912947e-05 0.00117634353227913 -0.00115668016951531 0.00029242190066725
14 -0.109792046248913 0.00915153697133064 -0.00145303923636675 -0.000129748805193231 0.000383983599022031 0.000102320111182053 9.24486187159346e-07 -0.00010367164213676 9.64805585681461e-05 -2.40565277636051e-05
15 -0.111317507922649 -0.117762468755245 0.0116979237645864 0.00522982981055975 -0.00514391344040632 -0.00144074158743024 -0.000101620535133407 0.00130372890271246 -0.00128180987667292 0.000324046006426215
16 -0.110460989177227 -0.0460725165903568 0.00407155323773623 0.00230338890105486 -0.00202744267880917 -0.000572671182453632 -4.62199277535547e-05 0.000507918011862785 -0.000504454888869077 0.000127821345813572
17 -0.111573204398155 -0.107231445610523 0.0102070420980453 0.00498920399695635 -0.00469736568629742 -0.00131991435773671 -9.82106867013499e-05 0.00118527584709227 -0.00116986350622028 0.000296002952381968
18 -0.110844984650612 -0.0928472056984901 0.00934765767306089 0.00405962159857154 -0.00405174167826772 -0.00113368371967226 -7.85438896855339e-05 0.00102845870424062 -0.00100985856261104 0.000255234190262854
19 -0.110752522945404 -0.101685978472233 0.010166478343308 0.00448236148804426 -0.00443969294428825 -0.00124288978986442 -8.69197974679992e-05 0.00112605118192732 -0.00110647443216294 0.00027967884670943
20 -0.110108911991119 -0.0460457243025303 0.00474417814984918 0.00195727171376348 -0.00200571306049824 -0.000560213346034288 -3.75799390894827e-05 0.000510468904394656 -0.000500107475090772 0.000126344966702163
21 -0.109111905097961 0.0360329337418079 -0.00377161707729101 -0.00150341272819787 0.00156898389104754 0.000437547219917178 2.86013801087392e-05 -0.000399766722694039 0.000391176639823243 -9.87553503364325e-05
22 -0.110137633979321 -0.0469684563577175 0.00501643167808652 0.00190592475701123 -0.00204053544439375 -0.000568225048482418 -3.60728845407721e-05 0.0005214445409365 -0.000509077042806894 0.000128502608276904
23 -0.108667574822903 0.023412412032485 -0.00201407051645219 -0.00119989551603794 0.00103288353420794 0.000292179669486359 2.41365469264565e-05 -0.000257895473623648 0.000256792845902964 -6.50814035907388e-05
24 -0.110915839672089 -0.0732947736978531 0.00696826679632068 0.00341423670761287 -0.00321078160777688 -0.000902265135664493 -6.72481401124969e-05 0.000810129044111818 -0.000799649686086923 0.000202338793314993
25 -0.109252341091633 0.0153601001948118 -0.00117648590821773 -0.000861286011058837 0.0006821543793194 0.000194306878256612 1.76672256202437e-05 -0.000168592305271886 0.000169357954291627 -4.29975334554911e-05
26 -0.108678743243217 0.0225469134747982 -0.00202022958546877 -0.00111457984894514 0.000992316869087517 0.00027992160175927 2.22183134610532e-05 -0.000248711672611535 0.000246844923822209 -6.25102547928691e-05
27 -0.111747607588768 -0.10478387773037 0.00997926294803619 0.00487257447093725 -0.00459002470597625 -0.0012896612752229 -9.58999589784071e-05 0.0011582161532715 -0.0011431205784902 0.00028923514764756
28 -0.109374783933163 0.0326517075300217 -0.00328315678052604 -0.00143096141982824 0.00142590096220374 0.000398928037611768 2.76265163847711e-05 -0.000361716112820432 0.000355280208168551 -8.97739082574844e-05
29 -0.108773179352283 0.0556512251496315 -0.00542192393913865 -0.00252704904414713 0.00243502436205745 0.000682915619108826 4.93262959935237e-05 -0.000615682802163064 0.000606490997597575 -0.000153356464579701
30 -0.110392868518829 -0.0626511722803116 0.00597792211920023 0.00290716486051679 -0.00274382508359849 -0.00077087408863008 -5.7209672377212e-05 0.000692542525939643 -0.000683380116242915 0.000172905158251524
31 -0.110628984868526 -0.0637965276837349 0.00596059486269951 0.00302507029846311 -0.00279790512286127 -0.000787206692621112 -5.98704027652275e-05 0.000704669742844999 -0.000696628645528108 0.000176335801370442
32 -0.109338954091072 0.0293273944407701 -0.00292008300311863 -0.00129994901362807 0.00128150649834424 0.000358805671567097 2.51752135227434e-05 -0.000324728171108291 0.000319274346111342 -8.06903699412942e-05
33 -0.110599562525749 -0.0638619139790535 0.00575898960232735 0.00313414540141821 -0.00280697993002832 -0.000791763188317418 -6.2577317294199e-05 0.00070452259387821 -0.000698580697644502 0.000176944187842309
34 -0.108914107084274 0.026610953733325 -0.00278839026577771 -0.00110911228694022 0.00115880800876766 0.000323137821396813 2.10812304430874e-05 -0.000295301579171792 0.000288909970549867 -7.29360617697239e-05
35 -0.1078140437603 0.107394762337208 -0.0101361675187945 -0.00504273269325495 0.00470844469964504 0.00132371170911938 9.93964495137334e-05 -0.0011867608409375 0.00117231416516006 -0.000296633690595627
36 -0.112037673592567 -0.128020793199539 0.012074857018888 0.0060133021324873 -0.00561154214665294 -0.0015777803491801 -0.000118659881991334 0.00141457922291011 -0.00139733392279595 0.000353611307218671
37 -0.109934158623219 -0.00954537559300661 0.000958623422775418 0.000417612085584551 -0.000416109774960205 -0.000116514427645598 -8.13526366982842e-06 0.000105700491985772 -0.000103767772088759 2.62469984591007e-05
38 -0.110243186354637 -0.0533088482916355 0.00496709020808339 0.00253449333831668 -0.00233824248425663 -0.000658015836961567 -5.02058283018414e-05 0.000588750292081386 -0.000582183070946485 0.000147373066283762
39 -0.110311791300774 -0.0311056263744831 0.00270389812067151 0.00157767196651548 -0.00136994814965874 -0.000387411302654073 -3.17850572173484e-05 0.000342702667694539 -0.000340858299750835 8.63972818478942e-05
40 -0.111882954835892 -0.13633905351162 0.0129872113466263 0.00633886223658919 -0.00597241520881653 -0.00167803221847862 -0.00012473868264351 0.00150705908890814 -0.00148737139534205 0.000376323703676462
41 -0.109519593417645 0.012998185120523 -0.00133927003480494 -0.000553508871234953 0.000566964561585337 0.0001583005359862 1.05595445347717e-05 -0.000144112491398118 0.000141252501634881 -3.5663484595716e-05
42 -0.109587572515011 0.00132047606166452 7.12189939804375e-05 -0.000162767231813632 6.43864623270929e-05 1.99482201423962e-05 3.68514997717284e-06 -1.37714878292172e-05 1.56408259499585e-05 -4.05521132051945e-06
43 -0.108716778457165 0.0637444481253624 -0.00623409682884812 -0.00288230017758906 0.002788454759866 0.000781851063948125 5.62058085051831e-05 -0.000705375277902931 0.000694560585543513 -0.000175624154508114
44 -0.10881931334734 0.0530870892107487 -0.00512113934382796 -0.00243673077784479 0.0023244540207088 0.00065240915864706 4.77067223982885e-05 -0.000587141490541399 0.00057889218442142 -0.000146408565342426
45 -0.110560491681099 -0.0405203513801098 0.00394057529047132 0.00184215838089585 -0.00177214783616364 -0.000497188710141927 -3.6069792258786e-05 0.000448217382654548 -0.000441533804405481 0.000111678382381797
46 -0.107633024454117 0.0895136445760727 -0.00813900493085384 -0.00436141667887568 0.00393415102735162 0.00110888329800218 8.6792089859955e-05 -0.000987880048342049 0.000978999072685838 -0.000247900257818401
47 -0.111368544399738 -0.0931238755583763 0.00894167274236679 0.00429302966222167 -0.00407688366249204 -0.00114482652861625 -8.43034649733454e-05 0.00102964660618454 -0.00101546931546181 0.000256885890848935
48 -0.109453737735748 0.0378576777875423 -0.00391117250546813 -0.00160561222583055 0.00164997391402721 0.000460669223684818 3.07073350995779e-05 -0.000419851159676909 0.00041128063458018 -0.000103865982964635
49 -0.108073465526104 0.12212361395359 -0.0119769191369414 -0.00550412898883224 0.00534033589065075 0.00149712420534343 0.000107283492980059 -0.00135143403895199 0.0013303782325238 -0.000336379394866526
50 -0.109182544052601 0.0749227479100227 -0.00797355454415083 -0.0030575692653656 0.00325764692388475 0.00090728368377313 5.78239960304927e-05 -0.000831789802759886 0.000812480924651027 -0.00020506838336587
51 -0.109582260251045 0.00692118052393198 -0.000320520135574043 -0.000495413201861084 0.000314106262521818 9.13700350793079e-05 1.06132647488266e-05 -7.509725401178e-05 7.76087035774253e-05 -1.98101624846458e-05
52 -0.109416522085667 0.0509214624762535 -0.00577492406591773 -0.00189698662143201 0.00220344355329871 0.000610307382885367 3.47562745446339e-05 -0.000566841918043792 0.000550091965124011 -0.000138628762215376
53 -0.107488289475441 0.165801495313644 -0.0164508279412985 -0.00737528270110488 0.00724461814388633 0.00202912045642734 0.000143243058118969 -0.00183558103162795 0.00180503283627331 -0.000456294976174831
54 -0.108558252453804 0.0856758803129196 -0.00824316311627626 -0.00394267588853836 0.00375161925330758 0.00105313898529857 7.72783969296142e-05 -0.00094742194050923 0.000934289069846272 -0.000236307154409587
55 -0.109546564519405 0.0231323204934597 -0.00232644286006689 -0.00101369828917086 0.0010102620581165 0.000282600143691525 1.95540942513617e-05 -0.000256225146586075 0.000251667312113568 -6.35921023786068e-05
56 -0.109165266156197 0.0600917637348175 -0.00634220940992236 -0.00247954460792243 0.00261444062925875 0.000728686049114913 4.70477061753627e-05 -0.000666902808006853 0.000651988433673978 -0.000164587632752955
57 -0.110044836997986 0.0107281478121877 -0.00136793195270002 -0.000323163287248462 0.000460119539638981 0.000125999024021439 5.37155483470997e-06 -0.000120099728519563 0.000115060909593012 -2.88997543975711e-05
58 -0.1091283634305 0.0720301568508148 -0.0073101962916553 -0.00312075088731945 0.00314240483567119 0.000878617458511144 6.01201099925674e-05 -0.000798133667558432 0.000783200608566403 -0.000197874731384218
59 -0.108271226286888 0.116539746522903 -0.0117124626412988 -0.00510763004422188 0.00508761685341597 0.0014235497219488 9.87617750070058e-05 -0.00129082449711859 0.00126781756989658 -0.000320400227792561
60 -0.108793020248413 0.0616767182946205 -0.00576161500066519 -0.00292679923586547 0.00270616309717298 0.000761326577048749 5.78274157305714e-05 -0.000681327597703785 0.000673666829243302 -0.000170484068803489
61 -0.10945089161396 0.0164416190236807 -0.00179718574509025 -0.000647465407382697 0.000713931338395923 0.000198358160560019 1.20622362373979e-05 -0.000182750285603106 0.00017808863776736 -4.4908607378602e-05
62 -0.111408844590187 -0.106129944324493 0.0106507018208504 0.00465807737782598 -0.00463250838220119 -0.00129648693837225 -9.02108295122162e-05 0.00117543782107532 -0.00115457118954509 0.000291819334961474
63 -0.109523892402649 0.0228529516607523 -0.00174635008443147 -0.0012831820640713 0.00101481622550637 0.000289111485471949 2.6355193767813e-05 -0.000250816025072709 0.000251940655289218 -6.39775535091758e-05
64 -0.109290927648544 0.028031088411808 -0.00243352563120425 -0.00142486416734755 0.00123591255396605 0.000349383946741 2.86204067379003e-05 -0.000308859802316874 0.00030729008722119 -7.78663670644164e-05
65 -0.109786450862885 -0.0122923199087381 0.00141374522354454 0.000446627906057984 -0.000530450430233032 -0.000146782447700389 -8.17583804746391e-06 0.000136858376208693 -0.000132586152176373 3.34207434207201e-05
66 -0.108789466321468 0.0535874180495739 -0.00490635866299272 -0.00259380810894072 0.00235426751896739 0.000663273967802525 5.15121646458283e-05 -0.000591546180658042 0.000585887813940644 -0.000148332444950938
67 -0.106110773980618 0.175318479537964 -0.0162030290812254 -0.00840697064995766 0.00769649632275105 0.00216695945709944 0.000166663958225399 -0.00193584861699492 0.00191576848737895 -0.000484965392388403
68 -0.109001904726028 0.0651155933737755 -0.0068676145747304 -0.00268920208327472 0.00283316010609269 0.000789654615800828 5.10468089487404e-05 -0.000722632685210556 0.000706509919837117 -0.000178350135684013
69 -0.110425710678101 0.0132824638858438 -0.00179830810520798 -0.000346355693181977 0.000566318689379841 0.000153997898451053 5.31899786437862e-06 -0.000149112325743772 0.000141788477776572 -3.5561271943152e-05
70 -0.110105201601982 -0.000101292753242888 -0.000425067904870957 0.000225738709559664 -1.70445782714523e-05 -8.92369189386955e-06 -5.66812150282203e-06 -7.48344746170915e-07 -3.617528363975e-06 1.18359457701445e-06
71 -0.110758163034916 -0.0586933307349682 0.00580628076568246 0.00261837826110423 -0.00256417039781809 -0.00071845215279609 -5.09705605509225e-05 0.000649687252007425 -0.000638981640804559 0.000161552452482283
72 -0.109433501958847 0.0294974539428949 -0.00327878468669951 -0.00113336555659771 0.00127868831623346 0.00035479586222209 2.09725621971302e-05 -0.000328110734699294 0.00031911555561237 -8.04529991000891e-05
73 -0.108306370675564 0.113773249089718 -0.0115943737328053 -0.00490508927032351 0.00496212486177683 0.00138696318026632 9.43850172916427e-05 -0.00126091646961868 0.00123683572746813 -0.000312472227960825
74 -0.111100092530251 -0.0845510512590408 0.00828486680984497 0.00381281529553235 -0.00369658274576068 -0.00103645166382194 -7.44250137358904e-05 0.000935567542910576 -0.000921002414543182 0.000232898746617138
75 -0.110932260751724 -0.0510796681046486 0.00422231061384082 0.00270279310643673 -0.00225675688125193 -0.000640137121081352 -5.49573123862501e-05 0.000561861146707088 -0.000561043911147863 0.000142324366606772
76 -0.108219310641289 0.0689174383878708 -0.00631466694176197 -0.00333338906057179 0.00302753085270524 0.000852863013278693 6.61943558952771e-05 -0.000760764756705612 0.000753465807065368 -0.000190752558410168
77 -0.111051745712757 -0.0698023214936256 0.00647224392741919 0.00333531247451901 -0.00306287570856512 -0.000862243818119168 -6.61365775158629e-05 0.000770816055592149 -0.000762523908633739 0.00019304221495986
78 -0.106949992477894 0.149674415588379 -0.0142836812883615 -0.00694730365648866 0.0065570417791605 0.00184193789027631 0.000136533082695678 -0.001654630061239 0.00163284852169454 -0.000413088593631983
79 -0.111165419220924 -0.102599509060383 0.0101079475134611 0.00459904782474041 -0.00448401598259807 -0.00125671713612974 -8.96082929102704e-05 0.00113551854155958 -0.00111727963667363 0.000282499473541975
80 -0.108972944319248 0.0315346643328667 -0.00272853672504425 -0.00160787079948932 0.00139067240525037 0.000393225025618449 3.23228814522736e-05 -0.000347464083461091 0.000345771404681727 -8.76270933076739e-05
81 -0.108102306723595 0.100814417004585 -0.0102953845635056 -0.00433564791455865 0.00439633755013347 0.00122860551346093 8.33573285490274e-05 -0.00111739116255194 0.00109583442099392 -0.000276843900792301
82 -0.112150639295578 -0.119447335600853 0.0113587491214275 0.00556332478299737 -0.00523300468921661 -0.00147050712257624 -0.000109535903902724 0.00132026406936347 -0.00130320515017956 0.000329742790199816
83 -0.1100804656744 -0.00975154899060726 0.00110114726703614 0.000364680628990754 -0.000421381031628698 -0.000116814764623996 -6.75871024213848e-06 0.000108491192804649 -0.00010529141582083 2.65599228441715e-05
