V1 V2 V3 V4 V5 V6 V7 V8 V9 V10
1 -0.149267315864563 1.22166020446457e-05 5.25004907103721e-07 -1.23801555673708e-07 2.73093547775716e-08 2.88946750970354e-08 -3.1321832238973e-08 -1.2919919356591e-08 -1.51082240051892e-08 1.04226671737706e-09
2 -0.148976132273674 3.69001791113988e-05 8.19237811811035e-07 -2.8417468911357e-07 1.22693677440111e-08 1.17390356990654e-07 -5.91916915482216e-08 9.24885057429492e-09 -2.35549393323709e-08 1.93851388274879e-08
3 -0.148758381605148 -2.83043482340872e-06 -4.43290900875581e-07 7.01687667969964e-08 -1.28509469732307e-08 -3.80015592327254e-08 -6.62917898353044e-09 -2.77699498951733e-08 -8.96528717930778e-09 -6.4646172859284e-09
4 -0.148195624351501 -8.70673829922453e-06 -7.01543285686057e-07 1.00566808214353e-07 -5.0909250148834e-09 -6.42995985344896e-08 7.67741425988788e-10 -3.38075238914826e-08 -7.03689551073694e-09 -9.86238291034169e-09
5 -0.148774281144142 1.93620944628492e-05 4.97142991662258e-07 -1.49844822772138e-07 3.77028186449024e-09 4.90562968025188e-08 -3.71792907571944e-08 -6.17701090277478e-09 -1.76401062645937e-08 6.87902357299208e-09
6 -0.146471709012985 -7.21884134691209e-05 -3.31670980813215e-06 7.54702568883658e-07 -6.25134788379e-08 -3.38278340450415e-07 9.02679460068612e-08 -9.45393665574557e-08 1.77124377387372e-08 -4.83771636083929e-08
7 -0.149172201752663 1.86593097168952e-05 2.62464709521737e-07 -1.32796117213729e-07 -1.03163984022103e-08 4.02076238970039e-08 -3.67316914662297e-08 -7.59124674232226e-09 -1.75578165340085e-08 7.15930070782633e-09
8 -0.152412489056587 5.82853535888717e-05 4.08987671107752e-06 -7.28464044641441e-07 1.00680871639725e-07 2.22276469230565e-07 -1.05101904068761e-07 3.71234847307278e-08 -3.75399444862978e-08 2.10577191239736e-08
9 -0.149591505527496 1.0264411685057e-06 4.13221187045565e-07 -1.82661779035698e-08 1.25299095543596e-08 -2.10323776173027e-08 -1.55343684582476e-08 -2.20665867800562e-08 -1.19358141148496e-08 -7.40582706271198e-09
10 -0.147363409399986 -4.73400505143218e-05 -2.70867030849331e-06 5.04769786857651e-07 -4.71636667498387e-08 -2.30134986622943e-07 5.62584716590209e-08 -7.15012120622305e-08 8.89474449650152e-09 -3.14186046068698e-08
11 -0.15046738088131 2.43432514253072e-05 1.70999010151718e-06 -3.05120408938819e-07 4.06681124331953e-08 5.4195680831981e-08 -5.37155955271373e-08 1.77734449380296e-09 -2.20253681959548e-08 5.02931030155196e-09
12 -0.147026151418686 -5.05866264575161e-05 -2.85148553302861e-06 5.44461954632425e-07 -5.96067053493243e-08 -2.42981769815742e-07 6.1405344808918e-08 -7.45874402241498e-08 1.03539790075047e-08 -3.33950609388012e-08
13 -0.146070197224617 -6.74731927574612e-05 -3.88307444154634e-06 7.4937986482837e-07 -7.9086959203778e-08 -3.29712406710314e-07 8.75669883271257e-08 -9.17986042736629e-08 1.71874141585704e-08 -4.20026857739231e-08
14 -0.147633075714111 -3.91390130971558e-05 -1.84447162610013e-06 4.23096935264766e-07 -3.35404450879651e-08 -1.9018381181013e-07 4.2164174374193e-08 -6.24991898234839e-08 5.04206809637253e-09 -2.89542434472878e-08
15 -0.150575503706932 -3.38608515448868e-07 9.70697783486685e-07 -7.78605908635654e-08 3.48536559613422e-08 -9.47818534768885e-09 -2.16893312199318e-08 -2.16581383938319e-08 -1.2625569922875e-08 -1.12433582444282e-08
16 -0.150929853320122 2.97313745249994e-05 2.36946698350948e-06 -3.78675622414448e-07 5.07285449202755e-08 1.10781883222444e-07 -6.17150419657264e-08 7.88205767321415e-09 -2.49262868123878e-08 6.25997031988845e-09
17 -0.15098948776722 4.30925101682078e-05 2.30619707508595e-06 -4.82604320950486e-07 4.27467057306785e-08 1.61189802838635e-07 -7.952908021025e-08 1.88301356729426e-08 -2.90250028456285e-08 1.70430141110955e-08
18 -0.148382380604744 -1.2880664144177e-05 -1.01388468465302e-06 1.37748429551721e-07 -2.17702762483896e-08 -8.37962943478487e-08 6.85821532897535e-09 -3.78650142351944e-08 -5.03125363593426e-09 -1.18149543482104e-08
19 -0.149524554610252 2.01356670004316e-05 5.46346200280823e-07 -2.00849285647564e-07 -8.34603497423814e-10 5.58134161110502e-08 -4.09250233701641e-08 -5.42102185363547e-09 -1.90241156161619e-08 6.97209046052194e-09
20 -0.149877935647964 2.42558453464881e-05 1.15884040496894e-06 -2.65301082436054e-07 1.93591489505707e-08 8.20676007151633e-08 -5.0112774374611e-08 -3.57871954292932e-10 -2.10023944902105e-08 7.39373717806302e-09
21 -0.14923869073391 2.54182741628028e-05 8.44801434141118e-07 -2.63956621893158e-07 -7.16980252946087e-10 6.75632350066735e-08 -4.91792846446515e-08 2.652029706951e-10 -2.1116878912153e-08 9.79683179025415e-09
22 -0.148864760994911 -5.20239264005795e-05 -1.05792651083902e-06 4.67175027552003e-07 -1.62611968335113e-09 -2.2250722508943e-07 5.23392600371153e-08 -7.20890227512427e-08 7.55830242837874e-09 -4.28331219382017e-08
23 -0.150345325469971 4.22575212724041e-05 1.84415830517537e-06 -4.15978604451084e-07 2.65113300201847e-08 1.5691929888817e-07 -7.50019353290554e-08 1.6395787838519e-08 -2.77770517698173e-08 1.8516038480243e-08
24 -0.147797644138336 -5.64344954909757e-05 -2.6083739612659e-06 5.64909782951872e-07 -4.66428247136719e-08 -2.59711356420667e-07 6.61170957982904e-08 -7.93273358112856e-08 1.11452038709103e-08 -3.91689773948656e-08
25 -0.152001470327377 6.599206244573e-05 3.94780909118708e-06 -7.27070244010974e-07 8.4041431591686e-08 2.7053607709604e-07 -1.13724887285116e-07 4.25231263534442e-08 -3.85278653425303e-08 2.78640097661764e-08
26 -0.149942189455032 1.54649460455403e-05 9.63872025749879e-07 -2.01745933736674e-07 2.10534523148453e-08 4.89656599711452e-08 -3.7538427477557e-08 -8.12035949593337e-09 -1.76923347083857e-08 1.48659040632992e-09
27 -0.149252727627754 7.99135159468278e-06 4.00282715418143e-07 -8.49222487886436e-08 3.34814842517517e-09 1.84707289463404e-08 -2.37091342114581e-08 -1.63431010946624e-08 -1.42983100914762e-08 -1.83435489020667e-09
28 -0.150076121091843 1.61441130330786e-05 1.10783958007232e-06 -2.3157519990491e-07 2.29301235776802e-08 5.06722415138938e-08 -3.80520077669644e-08 -7.40948280508746e-09 -1.85076132197537e-08 1.35550237700954e-09
29 -0.150436133146286 3.80229867005255e-05 1.85040062206099e-06 -4.12780707392812e-07 4.0671025658412e-08 1.47765518931919e-07 -6.81928185031211e-08 1.29714763374977e-08 -2.64901984792232e-08 1.5382189744173e-08
30 -0.148831591010094 -5.87772956350818e-06 -4.48615537607111e-07 6.62083721181261e-08 -1.11765530164121e-08 -4.96869176913606e-08 -2.88677881599142e-09 -3.05132061839686e-08 -8.3681790385981e-09 -8.9000096181735e-09
31 -0.15032547712326 3.37403471348807e-05 1.85759881787817e-06 -3.42128373631567e-07 4.53534454436522e-08 1.13100981025127e-07 -6.15562427697114e-08 9.49314937770396e-09 -2.45885374283716e-08 1.20280478910217e-08
32 -0.147552564740181 -1.94809908862226e-05 -1.4266233847593e-06 2.20754373003729e-07 -4.09634708375961e-08 -1.21597196311996e-07 1.96052951650927e-08 -4.38880149999932e-08 -3.14705417281402e-09 -1.52053978297317e-08
33 -0.146553531289101 -4.87391444039531e-05 -2.9250695661176e-06 5.256097210804e-07 -7.24444220168152e-08 -2.49223347736915e-07 6.33110204262266e-08 -7.25675093349309e-08 8.60709548078376e-09 -3.15723163168968e-08
34 -0.152599036693573 6.8058492615819e-05 4.57889291283209e-06 -8.69959308147372e-07 1.00086310794723e-07 2.74486581020028e-07 -1.20908481449078e-07 4.71528913692509e-08 -4.17527523666195e-08 2.6487667170727e-08
35 -0.148200273513794 -1.34974834509194e-05 -9.30180249270052e-07 1.41034888656577e-07 -2.82168031162655e-08 -9.06222226149112e-08 9.00487862054433e-09 -3.7432840827023e-08 -5.80125458782277e-09 -1.27999264520895e-08
36 -0.147044569253922 -3.1429597584065e-05 -2.07137054530904e-06 3.45750777341891e-07 -5.50008110167255e-08 -1.71475818433464e-07 3.79938853711792e-08 -5.59211130735093e-08 1.82694037675901e-09 -2.17148148351498e-08
37 -0.152338281273842 5.13414233864751e-05 3.54199983121362e-06 -7.00304383371986e-07 8.06719882007201e-08 1.97900277498775e-07 -9.60261203886148e-08 2.99504563372466e-08 -3.49843318758758e-08 1.7983794009524e-08
38 -0.149349749088287 -6.0043967096135e-06 -1.94516815099632e-07 5.37755795448902e-08 -1.13779066168718e-08 -5.4300215879266e-08 -3.92536492199724e-09 -2.94799420430536e-08 -9.13031428240174e-09 -1.02765653764436e-08
39 -0.14849641919136 -1.06521474663168e-05 -8.66795289766742e-07 1.02149328995438e-07 -2.88615069621301e-08 -8.02994009063696e-08 5.39758104878274e-09 -3.50961926187665e-08 -7.01867364227837e-09 -1.08203792592576e-08
40 -0.149003982543945 1.31099077407271e-05 3.78887307306286e-07 -1.79061316885054e-07 4.42877023942856e-09 1.70641669683391e-08 -3.04137302009622e-08 -1.17349685524459e-08 -1.65143276831259e-08 2.44670772531208e-09
41 -0.146022379398346 -4.00920034735464e-05 -2.87615512206685e-06 4.7446974349441e-07 -7.69355494867341e-08 -2.20174172227416e-07 5.27159471630512e-08 -6.51533440532148e-08 6.29757579417856e-09 -2.48376323952471e-08
42 -0.145332261919975 -6.19920319877565e-05 -4.09239873988554e-06 7.14619545760797e-07 -9.97320910300914e-08 -3.12502521637725e-07 8.50670716090463e-08 -8.72290542019982e-08 1.58689772433718e-08 -3.66185055611368e-08
43 -0.146756708621979 -3.55190131813288e-05 -2.40477311308496e-06 4.14022679251502e-07 -5.98974594367974e-08 -1.90924623666433e-07 4.39983978139935e-08 -6.06026020477657e-08 4.40425296233116e-09 -2.33857342379906e-08
44 -0.147044494748116 -8.81509913597256e-06 -1.50325740833068e-06 1.87727096090384e-07 -5.13990698891575e-08 -1.00634508726216e-07 8.73856720318145e-09 -3.47318476201508e-08 -5.9321827450276e-09 -6.32294216984519e-09
45 -0.148754894733429 4.8328802222386e-06 -3.71392161468975e-07 -1.75936065716087e-08 -2.11932302818241e-08 -2.16065245695063e-08 -1.42397169611286e-08 -2.0446982773592e-08 -1.22694032711479e-08 -7.43444417139472e-10
